"original_index","V2","V3","V4","V5","V6","V7","V8","V9","V10","V11","V12","V13","V14","V15","V16","V17","V18","V19","V20"
1,0.343050977334799,-0.696238521651707,-0.462158273864468,-0.109089354179694,0.413813636301835,-0.227113512849955,-0.625001822451045,-0.356423740882366,-0.783094378165724,0.315050299835104,0.29938616944174,0.0372293479400763,-0.142967319741695,-0.356837324281804,-0.342281096459071,-0.135390393150039,-0.58158806257542,-0.270768405950969,0.291296643199994
2,-0.341477496941747,-0.118058571311981,-0.645082691028264,-0.0545130044634534,0.407970546603695,-0.419584450730145,-0.163797606389893,0.443143382646475,0.276671780011484,-0.144190672587276,-0.341839243964569,-0.495825465149008,-0.3494801857264,-0.784150006648947,0.13331531408732,-0.289829745828381,-0.60158630254479,-0.0883745053129123,-0.0227757864024761
3,-0.0449319152893692,-0.711183913664237,-0.550325000690219,-0.861777391907856,0.314122387578502,-0.878439908805998,-0.3814622316933,-0.503319991381577,0.0310768806587732,0.161148956135275,0.260172370732738,-0.198353465487195,0.395720681532138,0.415701718912009,-0.447580577509022,-0.678711189549048,0.181540940865552,-0.239778553678042,0.316669304173709
8,-0.517123053456637,0.117259293621199,0.100147740898327,-0.283465530149937,0.660189355479618,-0.319799090437272,0.0710844776915829,0.0737279882283352,-0.536634353257777,-0.425168364689,-0.397072633671856,-0.0381105112736759,0.488787096699437,0.300967353505334,-0.424101088555373,-0.791228914684114,-1.00780038974163,0.00513431353605225,-0.291378457954405
10,-0.187443620945669,-0.0422054267004281,0.224769501675788,0.226786777721697,-0.43182353620897,-0.0322229684648773,0.734172195016688,0.0996592853476349,0.298539719235189,-1.41193106258733,-0.139970751330151,-0.0542861259966425,-0.547831017794278,-0.0799951301578484,0.298895632631103,0.250003141526855,1.53230231074497,0.0722312733472764,-0.30304954612968
11,-0.302025835555969,0.247606097501406,0.00772983401159873,-0.450950777551336,-0.0581205372253202,0.287213676677297,-0.351474396617865,-0.339857829512175,-0.560738387702842,-0.0887190881565613,-0.248959336424711,-0.514928916228402,-0.104413626461116,-0.905916278268285,-0.302050425648224,-0.414444556547556,-0.836829599286421,0.0765606219082166,-0.241058612727418
15,0.17721990479396,-0.375922747286894,-0.025097887132989,0.0746276843071781,-0.242078528230208,-0.0833178709991513,-0.0425961320576194,-0.0689825849600132,-0.329076125334867,-0.1808990674588,-0.235373192174421,-0.19066220452761,-0.458207646387193,0.391768891782305,-0.42878197871488,-0.0108943143582962,-0.169407794995946,-0.288863775646084,0.113222004296335
17,-0.806113346611314,-0.496478978636815,-0.914408489996521,-0.498375697606936,-0.37580397072449,-0.776771893303528,0.0345212607322092,-0.112583501924683,-0.770133653214494,-1.17478159190497,-0.0507547454603959,0.379641839198214,-0.483385869993017,-0.05899234411957,-0.41752257967872,0.0702743117439396,-0.236821512261845,-0.413408522667375,-0.421306076961973
18,-1.0059408472501,-0.523986309887647,-1.10133839709493,-0.336709677225377,-1.16410093764933,-0.904479588405028,-0.94284291374261,-0.711604100159491,-0.318051632753086,-0.940341980480775,-0.561895807443105,-1.11576878115835,0.228780852442535,-0.823982045243855,-0.626487041263709,-0.607335420068817,-0.485981553887244,-0.618235492964163,-0.989186529595257
20,0.211778267838203,-0.26454619121947,-0.645522645261328,-0.904218014003702,-0.517482557033815,-1.06118860135109,-0.501146913569235,-0.251588919896341,-1.29144630649701,-1.08463609502119,0.256397909310331,-0.130405617380417,-0.266299045143516,0.248066205676575,-0.487887938823841,-0.50036815143535,-0.71198354261015,-0.236054525789068,0.327741288366951
24,-0.319689910275037,-0.0559973827991556,-0.612913335569366,-0.898603863815831,-0.622505762168202,-0.79038216858417,-0.650507691923396,-0.79856038604091,-1.37003541301312,-0.48099893847769,-0.547828952929126,-0.366731782994714,-0.307793129097074,-0.921609121964582,-0.980350453400818,-0.75266316698487,-0.105157078796686,-0.396388551697977,-0.541995662504974
28,0.0884625426519978,0.201087763848184,-0.20225046114626,-0.188219316648821,-0.28666391496278,-0.270897122254813,0.0995917841829174,-0.0740950542426923,-1.53726016012726,-0.621492327330333,-0.359112055292654,0.120491678922106,-0.770802128124597,-0.323729418436959,-0.159021302483177,0.0224013250259939,0.574255164692934,0.10755937139912,-0.116738803898879
29,0.374906069074791,1.12295046040543,0.988834149517517,0.32389620617104,0.714064755661449,0.701581078187943,0.128692518295555,1.16400716861144,-0.697612419050052,0.46232621347927,0.653140770078766,1.22805344785547,-0.0730125644327959,0.367037969797781,0.512822140732179,1.51652767418877,0.811520803196348,1.03649848714415,0.419420200906763
30,-0.696306688020579,-0.568531361349953,-0.485683952509227,-0.337146035471969,-0.917572809020929,-0.986407562732664,-0.752345934585397,-0.69545118021414,-0.34214404087071,-1.56448664976334,-0.72806982038653,-0.848433205329243,-0.378260330465497,-0.973542504878418,-0.442271210903189,-0.844290583809754,-0.475831135888296,-0.645196066790406,-0.728214578892293
33,-0.0263041054848017,-0.0156061696131481,0.533795178163595,-0.25952169154168,-0.2948423284763,0.0193858446159926,-0.677890347119915,-0.245662621134757,-0.396976597596175,-0.647428783340975,0.00924027615698005,-0.257056662453058,-0.094278062953674,-0.0955209858061448,-0.186026679842746,-0.398759755021261,-1.41803591640747,-0.415339279960897,0.0448336534654663
34,-0.616166478705171,-0.344422407011462,-0.689414213981273,-0.351826994164143,-1.79044858647788,-0.976991652672717,-0.472565802575163,-0.284378362406012,-0.470144079474117,0.316234883674932,-0.35890813579129,-1.73428589350858,-0.34881933436547,-0.441232986537552,-0.314759865235076,-0.692559663336314,-1.95939968768178,-0.0898658204613886,-0.458233878807249
35,-0.372736616216059,-0.302434313900173,0.0415715839646178,0.129177108622974,0.121155993577549,-0.376331243674931,0.856497814840599,-0.42908293893683,0.350843258345309,0.107467677586999,0.241146944756383,-0.552144285949134,0.516948483993575,0.525268087248028,0.333400168824661,-0.0850389816514665,-0.957811904212584,-0.605203121512418,-0.176644411938184
36,0.189550918078095,-0.148535334757726,0.0366128158842944,0.469812053981205,-0.0677819680193047,-0.357290967674645,-0.182889942430184,0.184134311933244,0.0509532746503542,-1.36206764128477,0.352221725839657,-0.0398179186358997,0.495765030797346,-0.555908211777124,0.210487121939427,-0.142544594368398,1.13994667903088,0.0903451620123288,0.0979911687649678
39,0.331713618399915,0.917930499977071,0.0883911760698044,0.08897963428014,-0.202275040919101,0.452383041594666,-0.131257763864976,0.482526912431578,-0.380282485684058,-0.489059675749205,0.151222697003674,0.657420168016883,-0.519907337935734,-0.0117509702041798,-0.103046213305037,0.834320671239576,-0.12179248017623,0.328199633228582,0.262096793140542
40,-0.406889298963927,0.40597712253824,-0.393451156783221,-0.205026596773406,-0.2868911743726,-0.26869857182878,0.224545751026045,0.347777006571499,0.358084826334178,0.46231550624321,-0.0521402923408321,0.00390859534615689,-0.120939008182503,-0.166106351509244,-0.212614334801173,0.426177768554424,-1.60751071161172,0.0424550185710179,-0.41124365383622
42,-0.789433279138509,-0.554592359533494,-1.00245986662026,-0.892169999130683,-0.757940240088259,-0.559632206026572,-0.877057586026966,-0.697450683198242,-0.980054066385443,-1.79797089168062,-0.980746651681219,-0.967595756523861,-1.30306804334895,-1.21147428379205,-0.801856082677304,-0.912554694049632,-0.943769752001241,-1.05914060613364,-0.973139776637211
44,0.657482268895136,0.381870477714009,0.390635572886756,0.746765999933972,0.333409595971567,0.311156717411264,0.676828196949298,0.297362682593961,0.293939181514219,-0.169737866185535,0.694399892842707,0.344093847578561,0.278712185193468,0.593886485737439,0.512643878058926,0.409706780025539,-0.665537735966386,0.400816661859834,0.39808451062377
47,0.366796517395951,-0.571753021570389,-0.465123552414624,-0.470416637444388,-0.438376917164116,-0.42677626847563,-0.096357230654859,-0.350039445244933,-0.574100939793565,-0.46804498394602,-0.207646258848907,-0.507801163537,-0.0915908900917222,-0.192346408089699,-0.398092845418889,-0.181368012192793,0.58958625474921,-0.72789947696527,0.450681510498264
48,0.27113085864751,-0.361725010104801,0.125005408112112,0.416129106028992,0.140807904514965,0.00750564605220039,0.508410409025945,0.0714647481029317,0.552685650953763,1.91940168433744,-0.233901182596905,0.83093410997078,0.108940985672594,0.0686270061227982,0.511459618197769,1.08178170327489,-0.140720245292247,0.412054294814612,0.172688664457035
52,-0.385465003089329,-0.224174594135922,-0.328532673447676,0.105083989737295,-0.483526590034239,-0.667758966706004,-0.13022546478894,-0.0641239040534972,0.914095575156199,-0.572526529679506,-0.145103446186842,0.402774707621139,-0.0944787911410143,-0.251027976653777,0.299073272663973,-0.170433811743694,0.374758349142601,0.190775236289739,-0.21340033067916
55,-0.019531755618843,-0.521711501970953,-0.26011502213551,-0.352928811818974,-0.286908206653116,-0.700337989972861,-0.0888240586913371,-0.184860863582346,-0.132314317191895,0.211730092932241,0.234409685888898,-0.537630807720857,-0.738447975364482,0.224469337029112,-0.0873268068274404,0.187931474478624,-0.165233177446996,0.026916023294505,0.169676059094748
60,-0.236492174314761,-0.157886955524456,-0.462292522127265,-0.425910630121215,0.413161529502855,-0.534178678593749,-0.0128880822583265,-0.406052739290952,-0.254178648437402,-0.181486708131594,-0.209399379300173,-0.552460344006655,-0.369557174911165,-0.294855563260063,-0.361451476180943,-0.371626361587059,-0.776453804034809,-0.176760556969137,-0.339543803147531
61,0.163071983978746,-0.608160444636317,-0.859757299042384,0.0376882034744783,0.908451258374723,-0.00391946336941136,-0.0950042329626197,-0.446770658192686,-1.16332392205606,0.342825290178412,-0.765505041041322,-0.209634448462544,-1.38318711113226,-0.875615984892534,-0.466657571659561,-0.229168759638011,-0.0907579018445812,-0.115236185203834,-0.0164875871321156
62,0.181751878928344,-0.156484312955325,-0.0467065400851301,0.368055293482764,0.0347770931881889,0.0381466854101819,-0.376644036342728,0.173428653733801,-0.247915528851136,-0.274919866191665,-0.261746637185235,-0.441858366978628,-0.543529608131192,-0.191330968062571,0.167876440947623,-0.278589600733814,-0.33890507869473,0.237255800598452,0.344878572064334
63,0.22179987470396,0.107127246573528,-0.279408774573619,0.225804077898008,-0.0612856485103812,-0.0687093836596618,0.0916123646803479,-0.553767705654227,-0.306439266359472,-1.43606219208335,0.261391303568443,0.745474582321404,-0.153863976461865,-0.338430131796116,-0.00509810325672437,0.27700057390359,-0.462898384014882,-0.552970476280536,0.307184119503837
64,0.508878622879426,0.245899855096335,0.460558510205519,-0.321642998176652,1.37495570975572,0.645328081063275,-0.0435311155335471,0.112873131322646,0.268427734085875,0.424151507572902,0.515888533084552,-0.387510494213785,0.422109018364013,0.18202280165993,-0.016066369108628,-0.395685030649813,1.28278110931946,0.292154868065206,0.590571182349366
67,0.116337688203675,0.330551354948772,-0.0231903638831232,0.449563484093799,-0.312751791342192,0.108524598259638,-0.0635428406088761,-0.290544606285078,-0.120216877028765,-0.650168741544368,-0.0826100102173933,-0.337186344650877,-0.214854728647599,-0.099044506716052,-0.0990575042425684,0.257027095805936,0.624497821727426,-0.108866302669737,0.103217045056068
68,0.257844453068177,-0.336587017732307,-0.309789255790384,0.0944817796033335,0.147581772594438,-0.726008819245339,-0.143397208632219,0.0213063038712077,0.910037497833816,0.207017352281235,0.110477179454558,-0.289782681235033,-0.227515805728745,0.052305250150991,0.120128395017217,-0.620102423938425,0.117972027522897,-0.302051907264487,0.175545257295581
69,0.305628292217075,0.862068334052809,0.0697062427143063,0.0761941568691805,-0.0215273882964486,-0.29375491384837,0.117939019709757,0.206308490975982,1.74570939650845,0.0735056812709974,0.577749160150295,0.240672919133157,0.60155114095987,0.140678151781918,0.276810036741065,-0.0460558295840967,-0.327471072751535,0.12779863348557,0.238420864506229
70,0.640525575368194,-0.605572185975615,-0.157368081077216,0.104679095263554,0.392767585765294,-0.160321823464186,0.241612471694613,0.0651564616591061,0.263142825402593,-0.168206589171673,0.626173231112527,0.461463328376075,0.164814860207048,0.285900588135413,-0.141016754030923,-0.129859233782043,0.145932426470429,-0.301747989133575,0.396100860487771
71,0.155049584001112,-0.0620406518688157,0.0218237900379897,0.0781842627585027,0.229093497521107,0.465839631050532,-0.0638831198543106,-0.055696234452446,-1.08444553148917,-0.170890350265976,-0.511408777175476,-0.0248743011127924,-0.463482122032568,-0.0927048779029353,-0.0844963904621902,0.575809352838448,0.180929353747727,-0.00587804403569633,0.0930333579499856
72,0.0044407889267947,-0.6148428194551,-0.615251836863392,-0.368152177944935,0.561181260169072,-0.271103410804687,-0.0892329749721248,-0.592235239043646,-0.518368773930733,-1.31640268681073,-0.497608150456689,-0.382843378333514,-0.304962334525585,-0.796892968674505,-0.300633011698411,-0.511691076154575,0.862947583537916,-0.993148384801649,-0.257586698299378
74,-0.694708061288678,0.0431401745648652,-0.362828163654989,-0.0423954738109467,0.0684926262244774,-0.175549387001596,-0.479836011198987,0.144376931655055,-0.502144084781381,-0.718279685250575,-0.390302612085094,-0.316327941927572,-0.676264891083887,-0.753215296710414,-0.0788978098545122,-0.818578209632265,-0.485274390885513,-0.13357202110396,-0.308977904493296
76,0.817542941368321,0.403707968466989,0.475503155030145,0.672905031250424,0.742005630736012,0.820981562644501,0.286847788411912,0.76035861274007,0.971277888654455,0.836689198817312,0.434256625814117,0.54047053787199,0.886786301623716,0.650852752592197,0.409209633538123,0.59168749259832,0.498963562570989,0.523198402147206,0.583907658593771
77,0.977506516068182,0.574132164384727,0.759587452680954,0.947389006518257,0.701568181696029,0.84750401662269,1.30973459515206,0.937087607155772,1.06139018720157,1.05901512731965,0.506181521766078,0.546808125707774,0.780530182880054,1.0302647442669,0.824767659194635,0.488102996969045,0.657274058551943,0.810198444337806,0.703707024384025
78,0.718897304619094,0.421195436979656,1.05412680128033,0.82413029875649,0.203152903409232,0.257139593213531,1.01209999200385,0.997279377604,0.565409890030988,0.495625646039078,0.701367995274644,0.854499835388163,0.175627659728611,0.930316756759139,0.563856494623098,0.216745577087423,0.945740467414057,0.739918942731041,0.644978376271938
80,-0.732776605052012,-0.591515305767106,-0.280306507237728,-0.376929840682939,-1.60470792768235,-0.0314602532948171,-0.962618481297313,-0.407119818024714,-0.145839833014224,-1.64959722218475,0.182815656137441,-0.647684716922128,0.00537440096531956,-0.72583622804296,-0.261346638169062,-1.27157487500977,-0.0941211643735,-0.410752527433175,-0.163656987296916
81,0.16076425832869,0.395499386136902,0.470284889456294,0.187798194416908,0.173213913809967,0.0175415387783827,-0.403776722727173,-0.273146462681922,0.405205252018597,0.0863274128124367,0.465024850846555,0.420818361790916,0.121623611137456,0.185227189395581,0.443307898219943,-0.309113330486302,-0.032980858646157,-0.0338206217422685,-0.0367209837193044
82,-0.688034419448142,-0.759992841080702,-1.23036055612099,-0.732333532374429,-0.15465039706473,-0.871052953348089,-0.91633404249284,-0.584423748177253,-1.33811531345355,-0.398946084652242,-0.459519154403547,-0.582172457382585,-1.16017187674864,-0.679508871910055,-0.841973798379817,-0.147530771268088,-0.45467893361292,-0.788963328919746,-0.741324758906637
83,-0.250631277623194,-0.312575776822314,-0.177448314840246,-0.46909969149631,-0.506119055815015,-0.0769470540305325,-0.274385736577867,-0.422909509938069,0.0372091475723222,0.280276510187096,0.0147088113821754,-0.260176533526828,0.0314758576935984,-0.242415962598616,-0.462409632704432,0.0825031862600043,-0.188081592897083,-0.170391913241081,-0.35778898392826
84,0.73331030112543,0.46369652884928,0.74544929289748,0.589863655817654,0.9135456010113,1.04716225728092,0.665367596802876,0.786387176131697,1.1809274523066,0.759654187018829,0.870435751140874,0.702804355407001,1.09948810032712,0.838455569102527,0.50698816000546,0.792241999375504,0.887549276376242,0.691658470795485,0.543575337407155
85,0.730430537522841,0.456971358480457,0.678238476411281,1.0595389976415,0.745654012336383,0.77267688209185,0.627537567960263,0.700405001638716,0.980049186910902,0.992624564953505,1.02980735048961,0.841093751597175,0.846326521504027,0.966558370545755,0.853011169214405,1.45737646325807,0.944899276553478,1.14283261660624,1.26284803310497
87,-0.284088379318877,-0.770020360081047,0.0955940614205859,-0.359893967646781,0.375254972336578,-0.445324930859822,-0.990077692364952,-0.281621436836473,-0.285538062077684,0.00272027149296816,-0.418863765485168,-0.636515486322453,-0.513172538000974,-0.40508275622028,-0.307141873414755,0.354739677374516,0.00669936244462217,-0.526941084276816,-0.453094380306771
90,0.22614240509374,-0.471172099095986,-0.00409220969131918,0.0468478518920152,0.0355726648900834,0.419968498567437,-0.732228848792641,0.0403218895522727,-0.0598445306190594,0.224864160859792,0.564845980985845,-0.299601683149285,0.356481509513327,0.408840307677286,0.278318984629968,0.554507736768037,-0.0279461050642086,0.162662383918406,0.229127356783827
91,-1.00748682242923,-0.89337254839847,-0.966233661728621,-0.693171295498919,-0.668916395633929,-0.496217765133548,-0.896844751965573,-0.42532371073952,-0.656692557459296,-0.78349559963941,-0.989462242288179,-0.294232014092555,-0.440843480351862,-0.780615681655378,-0.797459397809291,-0.577303765900216,-0.329139724552886,-0.637758073835739,-0.644948034844464
93,-0.807001723470829,-1.52336344858391,-1.13795269942461,-1.29172952515783,-0.562931193289984,-1.08511952253045,-1.34760209198931,-1.31832942894522,-1.42940808469388,-1.19479108982307,-0.592753932257664,-0.679881021712051,-1.37782956091832,-0.710405756741407,-1.13808959118419,-1.05455258438626,-0.718052328433632,-0.806680151989605,-0.75359707829052
94,-0.301938228054411,-0.591107671751218,-0.574864382329392,-0.218374306569352,-0.875186839856368,-0.664924714262459,-0.416495956614814,-0.512190842784649,-0.588518586573241,-1.10389426610515,-1.06653441280925,-0.6620763457548,-0.81512975220742,-0.483700900486502,-0.381105488019223,-0.963953309130926,-0.576525072466009,-0.586058504642005,-0.602566242353912
102,0.293057357486802,0.245772791579488,0.403780207161032,0.364312598154521,0.558281568312045,0.153658118370272,0.457153378654483,0.656656764101169,0.646227433591727,0.771642200478568,0.505951680342568,0.620981710738949,0.0535817737643087,0.403183281330905,0.357206741018069,1.12407506619439,0.246028115580273,0.461292806008144,0.227342555074993
104,-0.569577785120882,-0.364626824904635,-0.900114708997353,-0.738528621980267,-0.249569653858755,-0.202013337510447,-0.172058872095757,-1.42271031012529,-0.548703960356348,-0.309307018724656,-0.597580300429668,-0.228708215026356,-0.371096211138695,-0.438417102616444,-0.967111048582666,-0.303893310106281,-0.611285626866772,-0.523296368703087,-0.545761302610732
105,-0.616310941594837,-1.30329300425777,-1.29179782174855,-0.636118071554128,-0.738475336176403,-0.864513621818488,-0.488251078189239,-1.08087790239245,-0.824007595067812,-0.45610539969553,-0.386300009666173,-0.617997222683872,-0.819044435623528,-0.697008613485108,-0.646615699370242,-0.844153875583218,-0.123687303196601,-0.461809459620057,-0.399282924527965
106,0.189212955232766,1.257520246689,0.388014226499531,-0.0729440953313064,0.376356823018699,0.606051320134825,0.00212690527882947,0.384189982895799,0.83590981760052,0.546429558885404,0.178320822747517,-0.151028041050177,0.733478269309315,0.0510883592918957,0.0329825450877153,0.844638184590846,0.485942633930675,0.214767422501421,0.318641478480645
107,-0.154180653874224,0.231623328152588,-0.0736058002602619,0.274517793958095,0.335470928035781,0.147960236159203,0.0891626388900643,-0.406192277234659,-0.0895048040313464,0.212207046580669,0.0387165135063474,-0.288058938824586,0.111767547193416,-0.147901210325076,-0.190332820365911,0.355040450280905,0.297510756304127,-0.0219182235373955,0.0658595938909217
108,-0.189075731246467,-0.263427106438526,-0.367302630181304,-0.314841744528051,-0.458717291543459,-0.192146263534299,-0.462748709327795,-0.0959447691201597,0.123199656549311,-0.552089725111907,-0.446450290710645,0.0200280387442692,-0.188686515569779,-0.484058765669612,0.0207840896827661,-0.806511814140114,-0.196390899061573,-0.423429587018661,-0.279829222659516
110,-0.919113904081336,-0.579341960295728,-0.677498310397483,-0.793480418883822,-0.815302106285371,-0.803139345266607,-0.0788806690425063,-0.160163791909201,-0.625947264226701,-0.800112573619206,-0.407024462724724,-0.223668032465949,-0.694057671485625,-0.376351569460764,0.0275785510273728,-1.58745817970824,-0.548881354979608,-0.525477358626587,-0.446361654788224
111,-0.668602744382994,-0.141393600676089,0.16845393593284,-0.628495186759518,-0.654497007027615,-0.421022791961319,-0.4052656703251,-0.347432916992179,-0.272071776210136,-0.558685086052359,-0.358143225750519,-0.974575731711648,-0.379298680939044,-0.527026272404359,-0.31004298540821,-1.03153594662993,-0.839977689385301,-0.68073132228336,-0.697972551543094
112,-0.714046852226873,-0.315628951462584,-0.693747565840943,-1.04144480070716,-0.513523005231308,-0.415931375391759,-0.451649554112738,-0.73893055982102,-0.996057481281088,-0.761849815995652,-1.05381078280536,-0.82630589723626,-0.359732203042944,-0.545806391568282,-1.07640718069368,-0.345048682575463,-0.536832696139299,-0.915250505913272,-1.02678502202964
113,-0.801840172513813,-0.645813642584123,-0.155015657321245,-0.462079220607726,-0.0245659180094319,-0.28034073972377,0.269454894676024,0.0890210135015504,-0.0552928850223766,-0.114882548798393,0.270944717267758,-0.202935984659604,-0.0992317869890756,-0.492231779329078,0.0724214217644428,-0.360522226838214,-0.0728611745321495,-0.304108737281683,-0.152581612001328
115,-1.79297664146418,-1.43529470249469,-1.73765559178784,-1.53906038051447,-0.9662827600273,-1.24587042663422,-1.60096154606519,-2.21113050085262,-1.07770439879917,-1.07622572707229,-1.88857522558631,-1.10191628741026,-1.18698859108184,-1.60782776584851,-1.89968276854609,-1.70042911365074,-1.48602816443253,-1.68332696072485,-1.57774429981746
119,-0.611058968509339,-0.643338392295533,-0.84173883858872,-0.693260055539918,-1.60143827293512,-0.756295254726216,-0.232092518661794,-0.208521954808498,-0.725407935576022,-1.70723266526908,-0.271221692169838,-0.955111533040346,-0.864067008960426,-0.873678974146499,-0.607370499042328,-2.07718571209384,-1.4322004665219,-0.793339211069571,-0.761539158217145
120,-0.106408037882925,-0.559558372878064,-0.225558879248432,-0.790522408142577,-0.0783272165931999,-0.37659229571125,-0.701366199136583,-0.336355115579095,-0.465470864810625,0.458842160776413,0.210266038605018,-0.161061623523213,-0.194889325344586,-0.0667729682275885,-0.0218198189109987,0.496270922755354,-0.0994505986829133,0.030081621343744,-0.0711857145912403
121,-0.219307104258606,-0.786934620821998,-0.0810450670900971,-0.647813016208575,-0.308286073844365,-0.526584588894451,-0.300531593194638,-0.301782457776766,-0.938760547829362,-0.0351014281169196,0.129382716847721,-0.231566082148583,-0.306709861448596,-0.169211580551292,-0.0888714226386868,-0.532615893195909,-0.347094443389842,-0.133715796698539,-0.224458194000495
123,-1.28747910866967,-1.32193464216612,-1.4480759043228,-1.27763710179675,-1.61326700689875,-1.31958089711618,-0.103533288700602,-1.28230963069706,-1.60082860330706,-1.37644972635838,-0.966102326317832,-0.829996571350973,-1.35506717689209,-1.30656998604367,-1.13482908748118,-1.61935954231352,-1.68666522348828,-1.05453158594656,-1.05839061843008
125,-0.205809525207602,-0.803741441657752,-0.638534533392589,-0.451298208540105,-0.0457444916911723,-0.45574828052008,-0.695126079740143,-0.266875763306782,-0.354552439290988,-0.114591142486044,0.0462338375621439,-0.455782987046986,-0.352964327560056,-0.291046304824475,-0.401218563021776,-0.708447202653147,-0.645542487960337,0.0420291820160162,-0.233658418542908
126,-0.570262440167147,-0.968561818932021,-0.551696626539206,-1.00167060967356,-0.0342258639580499,-0.497516127060157,-0.206056777099169,-0.350764467718091,-0.334278544877782,-0.129721792553485,-0.451199808879714,-0.144534097976115,-0.461043737757299,-0.561110138757649,-0.488071642515304,-0.363068616876308,-0.77135167190653,-0.513107544513507,-0.660215381942289
129,-0.853301326301282,-0.475437162230366,-0.698312054613122,-1.03951944287658,-1.06749085049105,-0.700135891338002,-0.947299560175238,-0.733126195443916,-0.82760769008229,-1.3807218841688,-1.7920478358553,-1.00099917356,-0.714253600649903,-1.24722309452107,-0.796291506302817,-1.33275370473354,-1.19992967220991,-0.988901907371506,-0.997821050858532
130,-0.0327497243477987,0.363835686996738,0.426314063595334,-0.0298332277033214,0.107004142964428,0.310729816601724,0.101403866410729,0.201785681676397,0.475446126788838,0.281963613288102,0.287595940036251,-0.0128092864324336,0.455749860777708,-0.099112081318296,0.441383158785248,0.616811711694604,0.172500133846581,0.104154518772392,0.165297044590805
133,-0.926333058127846,-1.19769636170466,-0.197656941534748,-0.717716612119073,-0.969122208995976,-0.654204710176323,-0.749572280274022,-0.726827148732393,-0.682532332600467,-0.57492463163779,-0.15293466777633,-0.973675250289519,-0.405320824070272,-0.690799919465526,-0.320331770284425,-0.397826395567287,-0.706340739116066,-0.558622845984061,-0.729220282956167
135,0.0460876667328341,-0.248485840677939,-0.364846397294603,0.0414394871629743,-0.290865934060319,-0.189546829526188,0.427060388444598,0.0779969085125115,0.0353731882512285,0.203622145714925,-0.670698318586549,0.426703336216494,-0.0708534791189955,-0.118301659266688,-0.300717524449208,0.140117134768923,-0.480782135622601,-0.175747497437571,-0.209208686498219
136,0.0442189844150929,-0.210049861998613,0.0070626966537088,0.33484700895839,-0.930993898988067,-0.172806713156233,0.0569710124061184,-0.0206839205295542,-0.120211616934343,-1.4545534138066,0.278285703925167,-0.303590641368396,-0.298811316349983,0.140332173476618,0.199868189139234,-1.64237786027162,-0.425173041089655,0.008489508724388,-0.172656117180953
137,0.546026413788241,0.666092116835631,0.82429759686879,0.959810494796704,0.615050283697477,0.573062819297973,0.437787067104447,0.416511022675166,0.691536199292413,0.814062387335762,0.585701189486961,0.422302382272735,0.551489039214823,0.584964871250981,0.726171172905419,0.621781698480122,0.835724884531669,0.592516407899475,0.619386616605117
140,0.194999460170857,0.160558220151105,0.0994633777439683,-0.108636962733261,0.496086195111223,0.17913513641509,-0.202060820369888,-0.117074707267753,-0.0942836978041052,0.431631222591632,-0.124292073738614,0.717401279000562,0.067437584672818,0.284753913230429,-0.209274265614002,0.499453243858615,0.202126521110995,0.0543478647268735,-0.0485064486427488
142,0.168295190931371,-0.125240788922677,-0.0766913404849865,0.287381404197172,0.106779134133481,-0.269779773402919,0.660758554782334,0.292178484235157,0.0528125560966562,0.30007292905414,-0.114920508646252,0.263707562187974,-0.508209297990898,0.158322340135192,0.517959957381519,0.495333661059045,0.151254756320914,0.304931995322633,0.384157266637406
145,-1.54492834228016,-0.992889222336928,-1.27169676192428,-1.48320566281901,-1.67722230181553,-1.35828773417916,-1.12359594610774,-1.01145190673136,-0.88568987289739,-1.88662927211436,-1.57523574989988,-1.11006363015285,-1.25625533802566,-1.12570946356864,-0.925028286312215,-1.27843991239488,-1.61872082960694,-1.19259139205057,-1.13922075671358
146,0.300151102330778,-0.0333634161597663,0.176723348171291,0.204504032938815,0.68282487832874,0.183508791087883,0.321751738061257,0.0519437251162668,0.514734425321941,0.429779772966664,0.1377036766845,0.692886248473465,0.28317392431808,0.48354971667049,0.381181788624233,0.583351167609652,0.0633203064907071,0.201753495062946,0.176405614809593
147,-0.43978749981788,-0.350151236609628,-0.517772225961039,-0.0437599947679681,-0.05514608173201,-0.391140016191105,-0.0848912891264927,-0.151185829312144,-0.108026325120489,-0.0196549391297272,-0.813238303279619,-0.594816769514061,-0.455088430417339,-0.570528965171911,-0.220937864941662,-0.143188582124458,-0.502845383209603,-0.482492970708804,-0.696037889384246
152,-0.11590098859515,0.129040874403545,-0.142748262412765,0.0349777805437721,0.558065717027047,-0.244093730993729,0.435030211351236,-0.840498108805357,-0.457406546064272,0.623430964991,0.217101654498819,0.038071726538143,-0.453598132433201,0.0224316885935681,0.100561873134987,-0.408989144280492,-0.198114569317757,-0.0627775449537138,-0.0392634005860547
154,0.438481613556406,0.407521616286238,0.640005625976443,0.489105745141646,0.346944592058023,0.386074149144787,0.936965930509279,0.728793468878616,0.411658145623873,0.656978932119092,0.76259220756619,1.05384284514613,0.238494822724097,0.44245264199793,0.350891200806785,0.70454382074866,0.63411869986157,0.56792005585721,0.500190052337867
156,0.98357190983712,0.603922061836917,0.719829766610347,0.350511309276682,1.1533821936453,0.699159791857563,0.372542382096693,1.42940337652604,0.227633969910643,1.7713952635307,1.14339239959611,0.77819877167713,0.681872537929258,0.793653319285496,0.906271539235114,1.92914550366642,0.494583650813415,0.767422346525498,0.579361347583192
159,0.299265686309871,-0.649743542313221,-0.400892656969248,-0.22128508041351,0.179037382416858,-0.559661701457971,-0.212757776272923,-0.446536771328078,-0.835217943099697,-0.0080199557062457,-0.10737719084962,-0.131000969122385,-0.750018148548328,0.0814781381081412,-0.317022955116826,-0.402481403085376,-0.422166831445462,-0.0349273627612394,0.0468697545365173
161,-0.0355460956659328,-0.879391281401403,-0.14477043846837,-0.347866389537781,-0.0202528564575325,0.269338156821647,-0.380939200240641,-0.200329115396899,0.0817096705019602,-0.284488719721276,0.0184753809621306,0.029781173869679,0.0879234224263631,-0.347896930359865,0.00577604030851685,-0.456890508376332,0.141198383256001,-0.115138561091497,0.063251437885286
162,0.882433289418413,0.665809784029103,0.919663658152082,0.589069817751067,1.05421238232486,1.02752542814876,-0.321742285167063,0.884493494905375,0.869143059930673,1.18210861450493,1.01838266625136,0.770446739451703,1.11158154693027,0.67943674858308,0.829344907954497,1.30373422310186,0.703008021815421,0.917063990096689,1.05974386723037
163,-0.487092138042482,-0.642728412862059,-0.727501457929379,-0.18028243527096,-0.848828947626587,-0.623069007388842,-0.0210958963926804,0.041971029321032,-0.31681613334999,-0.853876815738827,-0.583199522630871,0.289501593674904,-0.889698177582714,-0.760651031483246,-0.431318294740061,-0.93034112692534,-0.757626160117917,-0.536615487232486,-0.470347802583252
164,0.0754793328328817,0.101710574694179,0.122456779561628,-0.314636721215242,0.136540022264032,0.396761869265408,0.422557493043024,0.507928217282425,0.328747930196731,0.238612879828818,0.0323874884778408,0.214864519335395,0.467888485005311,0.251159913681915,0.284858001352251,0.486742321653855,-0.0814802762033875,0.179315579560213,0.270444346187568
165,-0.894670764897923,-0.813177628587559,-0.774180378790211,-0.934057035616789,-0.540726327379305,-0.946795129912565,-1.04538681971385,-0.709888497717473,-1.26370930737822,-0.458039351984647,-0.288398780149697,-0.939544804401336,-0.839838436418723,-0.603379169914022,-0.68210967323329,0.143894370621985,-0.638883067238807,-0.772009869940463,-0.770519380409501
166,-1.23172120632222,-1.63629212477777,-0.985536071145996,-1.12134604613802,-1.13424052533268,-1.40472994644492,-1.2393404989354,-1.39008414369681,-1.24874794670841,-0.851080930113023,-1.19233552154793,-1.13741159460858,-1.3341139420746,-1.32477824579067,-1.09997337248124,-0.718072729850555,-0.811040787050059,-0.933825740260089,-0.807638513396607
167,-0.209517644463554,-0.228557615074012,0.134911367283473,-0.415719475477105,-0.271138108801391,-0.384023702836336,-1.27961764123388,0.178395555772852,0.230325086656276,0.265955566888927,-0.511737397909881,-0.726357012971819,-0.142411807743303,-0.0232570300899554,-0.123317835800093,0.176672815234206,-0.00170004039613811,0.119814227219005,-0.0525667839129908
170,-0.487778857467358,-0.512477759598956,-0.71159360537415,-0.843172490051285,-0.150857013187626,-0.416997246365964,-0.115496330049627,-0.542263872274919,-0.385646814079822,-0.385216713590248,-1.12316642368699,-0.247229796898252,-0.392271460727401,-0.611860481502349,-0.593076050121901,-0.408106358686487,-0.454923495728072,-0.817058143851937,-0.779940583451917
171,-0.729507946657574,-0.380403429425344,-0.96605543597599,-0.167538631221669,-0.836698223039883,-0.246067704507026,-0.619803354431893,-0.127051758477565,-0.58643192096535,-1.1646096705645,-0.991373513868726,-0.306474259470505,-0.203673516097442,-0.656791668512731,-0.630948986192371,-0.950754696034802,-0.309114202851694,-0.65658775788619,-0.551651158308735
172,-1.16781671135966,-1.38186868680878,-0.842415637676132,-1.1326596069644,-0.522902781716863,-0.872725683029587,-0.657391848512184,-1.13847122618985,-0.219872063131141,-0.836790946438932,-0.766941931933453,-1.20434274171101,-0.794133215772755,-0.825014863215614,-1.05230080402589,-0.856176339860117,-1.18843044374636,-0.94608255255707,-1.06626192237354
176,-2.14681248817672,-1.85684036197614,-1.83061288812242,-1.95382595904605,-1.11829947840839,-1.84162504119157,-1.75621955892348,-0.885701612868839,-1.65742370587029,-1.50866712660185,-2.50219956191186,-1.84545994323402,-1.77929851433103,-2.18674196660053,-1.66458740665493,-1.03072083147273,-1.78803665672112,-1.83595026020968,-1.85061712969296
177,0.308784417036385,-0.284687604077662,-0.210524693438771,0.0309701531418489,0.333867411409933,-0.549818280179384,0.655286723320613,0.532446798409374,-0.126322660343129,0.25731390340735,0.0238434062634693,0.631595705754103,-0.379887493613166,0.109598614650141,-0.0787329694091216,0.23637941905162,-0.147703579294764,0.453999441655783,0.313981599075839
178,-0.811595657957153,-1.31702922272756,-0.691788240079739,-0.60319759853391,0.000481830554968063,-0.674047745081998,-0.894920019919913,-1.47448807832347,-0.970638125167898,-0.790540992854657,-0.236582061076419,-1.24379449467434,-0.819072133364435,-0.666914846381063,-0.712167592407689,-0.965613215884398,-0.760274935198762,-0.665691570008399,-0.62642399497805
181,0.508986260590907,-0.582133572336243,0.428125122209892,0.581388043160292,0.404357904908492,0.471047355651686,-0.141770694289642,-0.0269158633765626,-0.111721381280768,0.59571381092648,0.603022133684195,0.444674134175728,0.386437600142537,0.304549159913567,0.430235015150204,0.108504084717723,-0.148715357701174,0.51043041868848,0.486278765721603
182,-0.708932250923859,-1.32868563682491,-1.36897671327859,-1.22433527619092,-0.821229470841015,-0.899899288804175,-0.34766771933779,-1.23851346974972,-1.24199888437983,-1.01868350224143,-1.6261574955091,-0.599532085816286,-1.27434105546122,-1.15764431415098,-1.21770890800284,-0.52876393645411,-0.655103718836824,-1.12450183941741,-1.19205141033385
186,-0.282918533611297,-0.522999550292722,0.190252510640754,-0.387096617898963,-0.405244541591269,-0.242902904567197,-0.55395336970579,-0.397549604369883,-0.550889059872242,-0.37644778078624,-0.4073169811446,-0.246402374362444,-0.0826375126185481,-0.226121019575796,0.029180421731783,-0.773059215233679,-0.200979267302457,-0.232620624416623,-0.152228790759235
187,-0.374441219903552,-0.811697117496669,-0.336720305082622,-0.436405644814371,-0.274571685746747,-0.26966124955308,-0.958869604037693,-0.0859937467634486,-0.203950046263265,0.320952440126228,-0.2354065995071,-0.62387582739796,-0.261177582155651,-0.38834232936185,-0.185523931047846,0.875987158371799,-0.473385851301097,-0.213405613141807,-0.202419367692499
188,-0.0733534256430619,0.116672282054119,0.206378695448519,-0.049806232456182,0.0386188894324576,-0.466760268941189,-0.41050399202126,0.536680479715227,-0.687682051638205,0.0570445338602859,-0.201605501579355,0.184434004386369,-0.390769962262836,-0.0885386278979892,0.569885585205357,-0.830221660630214,-0.339141551806739,0.0800825247052782,0.317961268621224
189,1.04163173191507,-0.189474841792828,0.589278714611968,0.973665563293192,1.11122598917093,0.74817124686444,0.948577216828375,0.567097024946492,0.162715025855703,0.89001547999436,1.34521930212094,0.224794354955,0.639905673256198,0.686715183403465,0.908219080577092,0.85756185093005,0.821119327386812,1.27862188098111,1.25094899298845
190,-0.602462903756784,-0.736033686817548,-0.454706139435327,-0.623404961207698,-1.39975391699591,-0.616227767758003,-0.0852699012420522,-0.60690431679759,-0.93420147431876,-1.8630169799372,-0.644112880166291,-0.836500134809166,-0.587145861583339,-0.654053351936453,-0.225532846175144,-1.73656113077156,-0.435437375473313,-0.533871919779402,-0.449350013050363
191,-0.2418018926117,0.0411399961712446,-0.560263682563913,-0.248261848182939,-0.432736819172452,-0.0887430408712521,-0.61459410995178,-0.550228150867912,-0.227404052924508,-0.708046310438309,-0.678032706157148,-0.455581878362949,-0.200520095759903,-0.581865527694705,-0.533817041736777,-0.772300423471176,0.111588677307661,-0.276227945994083,-0.297745327801832
193,-0.463476395384253,-0.184670519675273,-0.137915579163843,-0.269165851990278,-0.0174889417710313,-0.653040225398612,0.026864950183334,0.13172401616191,-0.0398431386677306,-0.433777904887147,0.199925339684941,-0.151312272730017,-0.620270820254797,0.0767509813367795,-0.066587213692084,-0.469362932022907,-0.364301280266211,-0.0968760020895375,-0.022566300861084
195,0.49203402119952,0.197894632912477,0.215047499428007,0.448034613395809,0.588993261883217,0.395924203183045,0.582228369839685,0.757186209448942,0.439067010728738,1.0108661215584,0.111663419559639,0.933978355471051,0.520854016109724,0.371787851353871,-0.0756041387562236,0.027531587918896,0.477683807642021,0.303668455580829,0.265881356998117
196,-0.606250706083441,-0.947169426931642,-1.07980476151143,-0.874753651712113,-0.654627175837424,-1.08142722615838,-0.983356731659856,-1.11848056765979,-0.888318262384017,-0.590650474753679,-0.781426287951917,-0.448431580950657,-1.11180482118273,-0.757009832403343,-1.01362726750318,-0.464714752395055,-0.649663084879198,-0.853768099090789,-0.866324260303521
197,0.540188632979713,1.03816117001459,-0.0469521164287046,-0.136407991453914,-0.245227981948166,0.179475576784401,0.209118218561476,0.264828120399115,0.617571237349035,-0.0309117098861574,-0.154852308958306,0.355336198837688,0.2591877616598,0.227063131764119,-0.0969579132101308,-0.541223089485176,0.0345953643246789,0.140067835271385,0.136942188094113
199,-0.759194585358397,-0.773876649910296,-0.0585573148879471,0.00563891088449903,-0.811178020125322,-0.526856551729209,-0.647813051424932,0.0635066516606703,-0.780953147831749,-1.1690055782051,-0.531476373309528,-1.07995920672294,-0.638226033502148,-0.635798021682266,-0.360161147516642,-1.210451976806,-0.585654390350924,-0.23035151006372,-0.1423415693341
201,0.243557058573022,0.577921827615214,0.503379597814027,0.747959430500784,0.274296074227743,0.174430804086181,0.517172197706786,0.774204198854991,0.346739533553324,-0.124050707237578,0.49292166988203,0.399048474782299,0.24364282197115,0.282509429225711,0.45569038575142,0.11009647402389,-0.0789649590683701,0.366932838066209,0.277800175215056
203,-0.71930198662971,-1.16289140644425,-1.00907403749611,-0.889921657008728,-0.675216735982254,-0.800195359003198,-1.41458611423584,-1.21741911138595,-0.868039740114542,-0.520387927083283,-0.5706273511141,-1.24130908636015,-0.83354092075458,-0.638343567905172,-0.531724392762019,-0.259444399734732,-0.767832857869549,-0.729406576493351,-1.00243428833667
204,-0.503298200705848,-1.00912006138293,-0.482828202580683,-0.666372309290443,-0.627428480413645,-0.556648419410085,-0.73699945459518,-0.759728481248467,-0.783915821473109,-0.544660832009905,-1.27983524850316,-0.439138654001531,-0.695070420269615,-0.815400046478242,-0.535370957674524,-0.601935032871528,-0.546649725258115,-0.700716706749316,-0.875719809224276
207,-1.36538549639698,-1.34272912691525,-1.18893473908989,-1.06890091758684,-0.376426911337142,-0.989219291777565,-0.9978822875138,-0.832330814903746,-0.665274865784864,-0.450933290113972,-1.48556241620505,-0.570504976200822,-1.09580680140603,-1.18832819616321,-0.951981605346329,-1.19024295524703,-0.720024191543048,-0.897337586947844,-0.725721052100801
210,0.104776972511755,-0.276968885917368,-0.151686881526733,-0.242547741938599,-0.531398259510215,0.182683481646611,-0.732578920193626,-0.00425383663260384,0.341462747542436,-0.614113954568949,-0.440263710422168,0.0578326216034825,0.249806916270404,0.169666471329258,-0.298674374354705,-0.889735013203389,-0.43337217442649,-0.342668198364459,-0.411963906708977
211,0.19718897655671,-0.164525845804476,-0.166582632603144,0.0197917198369059,-0.0329489834871399,0.0317538155152668,-0.413262166956218,0.138962789084159,-0.0585500127524157,-0.0427201935581559,0.72237973654988,0.0779735024909228,-0.113045962354804,0.226469362968127,-0.0786530579481593,-0.629529470203364,-0.0398932186784688,0.166734445102285,0.179979984082985
213,1.22591727871724,1.3063667512935,0.939968934939841,0.851200777389239,1.08954702144842,0.943798166402625,0.282122621630466,0.191159223081408,0.944037038904529,1.20548579291024,1.31766223328884,1.17863314290436,0.882930147094539,1.0208101472033,1.25311887677048,1.44166467780088,0.898407187897864,1.12702604931734,1.19930122176134
214,-0.451655778420941,-0.350978100555043,-0.514211720311241,-0.593719997162742,-1.17820637157811,-0.616190696381142,-0.767478484570648,0.0354785657636289,-0.426330802506755,-1.33344604333824,-0.637787036387171,-1.08357444524968,-0.661943243606837,-0.435588654730558,-0.71881839635073,-1.50000572970697,-0.602585963900835,-0.366633539693897,-0.357894042713627
218,0.459801391569377,0.387464354129788,0.81987392496144,0.282871180541489,0.505841091173183,0.714151350927614,0.4981095407993,1.06423933763603,0.355486101542346,0.132676647754611,-0.431430457907238,0.0445383298637786,0.771168554271344,0.528910166847858,0.58606385222773,-0.416699877952211,0.578989371707539,0.35111303392473,0.247168791900361
219,-0.378722581245828,-1.37896085303523,-0.778965377505281,-0.95339656253612,-0.854228903022283,-1.11824204863441,-0.554227884509654,-0.563015224412966,-0.725486186421599,-0.500745407865704,-1.19207856527719,-0.336847325420757,-0.649800788541472,-0.972729180681972,-0.67158319192997,-0.470848660732158,-1.21525666481487,-0.780195633954499,-0.784030812223102
222,1.30532460736368,0.762100923050643,0.934194749751147,1.00495974830017,1.26862250062966,0.623498623634322,1.12743232108647,0.17539607534728,0.400874314370934,1.42635779919536,0.259404301533994,1.08110886457015,0.547071399639061,0.55861919885923,0.897867120068077,1.77754395579064,0.364032562912651,0.737501923332274,0.709623564041174
223,0.0463756681987806,0.795351167150093,0.420709727038193,0.226827330123419,0.45487790960304,0.286055874151063,0.242608966561281,0.555763752565057,0.338292619686907,0.575986176906526,0.508917670908605,-0.127025182026266,0.353664979683909,0.242454168685359,0.338344166565772,0.134939171562128,0.068607983340538,0.423696204319783,0.483288372302092
225,-0.748232212810684,-0.647171006951929,-0.441787427490598,-0.74915073269113,-0.392766616133338,-0.080392338799537,-0.302160217942727,0.120237674266324,-0.153413646026499,0.0585951624062954,-1.32867726239578,-0.152502546037879,-0.264747347801957,-0.91459588796292,-0.963389265060834,-0.149255483384647,-0.45146229139621,-0.868825320615991,-1.11154421749445
226,-1.60266009653222,-1.73908290818731,-1.14458765420311,-1.1975077397452,-1.39767894315516,-1.0576218023769,-0.596823364998984,-0.692754288618034,-0.741758383804406,-1.14554136881382,-1.91148127304607,-0.999425094850726,-0.864264615197786,-1.2154006636651,-1.32375581570145,-1.79742084479285,-0.995194541929715,-1.24841292430141,-1.28707538812028
227,0.0608815022482092,0.447222804332296,0.0443848142053657,0.450900382749981,-0.0408457601213243,-0.150643998937856,0.240597817187742,-0.0735875136404226,0.107815643559442,-0.281133710109597,-0.384447000954914,-0.352224870343953,-0.202397794288033,-0.0343796572269294,0.00712698906677658,-0.405161937212406,-0.448777168772111,-0.153535497807844,-0.217317332973876
228,0.272895992751238,0.417681862488299,0.637713473010124,0.90669025286637,0.652649471378822,0.217639984233396,0.615067140156469,0.6467509844092,0.633350329432739,0.59688899928389,0.0194443755588141,0.905521477620555,0.5736273623915,0.12602395485176,0.263021070484864,0.276547461696084,0.0816475729464092,-0.0961774088167414,0.0734238827437096
229,-1.71365466890986,-0.926605948705554,-1.44161034916225,-0.959352338482547,-1.65751641682285,-1.86912954395088,-1.14228071771462,-1.08202108749643,-1.90378191364617,-1.63060043988247,-1.98192010638188,-1.57035398974396,-1.72201771952547,-1.72664355754622,-0.966882088100134,-1.77293511172827,-1.51127276249924,-1.38126213074327,-1.39881226509929
232,0.102204535961599,0.460247260074397,-0.253336849069918,0.29758682058361,-0.697934959344177,0.0683563368745649,0.0497912644596398,0.00088063579998129,0.199064497954524,-0.848826793618746,0.192636359383993,0.210188948865983,0.086598206868382,0.0183901486310843,-0.205851249252051,-0.735026620269822,-0.143366072736993,0.0660770110376239,0.0272924917998154
233,-0.687968693902308,-1.13917472704943,-0.31872082949076,-0.0935546413146339,-0.505193537285007,-0.553520801770965,-0.473484134509015,-0.635470277468801,-0.899674072559941,-0.464925109227336,-0.168859600104678,-0.727329781482192,-0.659082908717518,-0.706398498690795,-0.276071189131518,0.0700996335130147,-0.00928238787422258,-0.44186362042824,-0.0806631770345036
234,0.658961230730927,-0.216426040054559,0.517375878155529,0.45543657396685,-0.451659696862789,0.372329236840017,0.100091408333582,-0.340066054023013,-0.000860241778709421,0.228247859690778,-0.0240476528256292,0.329696159407442,0.362783981103565,0.36615625271863,0.0875482966183178,-0.13605373192063,0.0471088330495043,0.500242235339362,0.466202101733072
237,-0.175672794493639,-0.0469296139360932,0.145685646847313,0.0914321872123681,-0.273315993739214,-0.316839782099082,-0.435613670766326,-0.145636727089096,0.077365510382303,-0.195280696701494,0.152950717751253,-0.957137552973599,-0.281041460404532,0.22989882025939,0.0250458527661192,-0.503307687332226,0.207881457037957,0.284146274155806,0.180040737788811
238,-0.142951337805416,-0.16498542422514,-0.245746656967489,-0.508330538428412,-0.182038995378111,0.317316285382385,-0.433317555848784,0.348444099951994,0.447029164301217,-0.278560090864078,-0.367997586965994,-0.487110176387454,0.225721947523366,-0.241746564982787,-0.179889009523975,0.235699109049652,-0.369902308934213,-0.250081466540493,-0.255821126121993
240,-0.841615942982886,-0.976076155059678,-0.529101045881688,-0.797393132541147,0.473543065476803,-0.787166785275488,-0.624883680331782,-0.397413882091558,-1.06282691360685,0.612215037810092,-0.511942058543609,-0.477021774911458,-0.834936492883922,-0.649353947938138,-0.610188407412394,0.894714665996598,-0.473311871810771,-0.221829605336468,-0.200044657122724
242,0.855768964817136,0.72472536992062,0.676412301547137,1.02965504102059,1.05816391097973,1.123346132157,1.1543010702556,0.493999139364253,0.766252498253713,0.78168190144903,1.05470852704649,0.937465710503625,1.01297234894069,1.05228390590443,0.81449324759245,0.29954000656171,1.37996524564571,0.917860337911346,1.11125785327972
243,-0.76453126019074,-1.36352099605505,-0.881786685327586,-1.37444756065443,-0.66742932258223,-0.461622103789236,-0.317598869693014,-0.610656730588804,-0.0825149037792513,-0.624397837804896,-1.14962796009863,-0.690482253254067,-0.593760594866619,-1.08501421427886,-0.976466499680446,-0.5384213612219,-0.522935925926101,-0.79148739432275,-0.70521013804183
244,-0.62083714986783,-0.363709014692678,-0.397987973149373,-0.24181332710823,-0.559229930021559,-0.287301931623228,0.328039234477696,-0.375705073072647,-0.592123414770177,-0.447686238973715,-0.905456438757284,-0.521495266773685,-0.383007085333287,-0.397379680612235,-0.271728685442054,-1.04071931120514,-0.336633969784815,-0.55439469531708,-0.557994733098085
249,0.176518863739285,0.561473690586489,0.241668698490291,0.403663045797698,0.229912844532751,0.093031169632781,0.132258290580011,0.215371619621394,0.121987405453386,-0.0797631041898885,0.257360390397461,0.380346586665881,0.0468220666287521,0.082571077230258,0.336188102710171,0.125914399633182,0.435720327274408,-0.0328771024732044,0.0361591085033266
250,-1.10484794991246,-1.24529706656803,-1.66560963299448,-0.983113131850317,-0.868373155005972,-1.36415129543125,-1.19042493235359,-1.54409103720106,-1.49566232325064,-0.634012507362516,-1.5095027853247,-1.10604713242683,-1.29619159806871,-1.38098547406331,-1.50754648935264,-0.651576492189616,-1.2128980365552,-1.48279478417236,-1.48624204181873
